-0.8912911431823062 -0.3653232526684778 0.2685870792582946
-0.3783010553447023 0.5601265542533048 0.7369847723972349
-0.04847880590878666 0.06034466137137033 0.9969996625985552
0.8864648559944354 -0.4119691214404612 0.2108589624994387
-0.03516422259966099 -0.9843284257455882 0.1728034366503564
0.6168000440778015 -0.49204727181276 -0.6143673070136807
0.2162645538212173 -0.9561113648484758 -0.1976883931041343
-0.9383962592257402 0.3407131233627389 0.05768039735945495
0.9498118755241379 0.09334416689078225 -0.2985703729789435
-0.4497408160174075 0.8929447417568809 0.01956748774712644
-0.4782267670030141 0.3289604885663107 0.8142997950902722
0.9710557709716242 0.236243728446139 -0.03520781777633562
0.1314508990298836 0.9044205971704598 -0.40588673858364
0.8693525147536869 0.1934187447212526 0.4547696057146912
0.618433737145306 -0.7686072273691801 0.1636540338529789
0.2727223551189873 -0.776389420749876 0.5681918552443577
0.8208630243321551 -0.3431536232608348 0.4565407825454689
0.005384006293239168 0.7921974185302543 -0.610241151144558
-0.828941494067695 -0.2343650245177344 0.5078671427604067
0.3174275258407789 -0.01754261511488862 -0.9481202574006805
0.5634436169022707 0.637573786050056 0.5253864843273802
0.2131982373990408 -0.9736528631430117 0.08091114671884246
0.03508579999228758 0.9939891375601337 0.1037042962049453
0.4773458342380588 0.5713840507761381 -0.6675786253724901
-0.04244886390100005 -0.4326161129094197 0.9005783657209731
-0.3941691617026454 0.8772245920564118 -0.2740578169914074
0.7433461022187505 0.4253367263534339 0.5162608270352642
0.04859112503936749 0.9274054031947048 0.3708882860008871
-0.1493625436018063 0.9147950435383639 -0.3752877014857289
0.3354082402267788 0.6441776493692656 0.6874128806191103
-0.1883298553724923 -0.2136977987345811 0.9585745231286771
-0.2203778378746635 -0.1144027169136342 -0.9686824179969757
0.4575943404546572 0.1912491022917647 0.8683496994048315
-0.7825634152960643 0.008771714782542432 -0.6225090827128014
-0.8265717010914848 0.5149452862615053 0.2271796098063942
-0.9725729428713077 0.1665800041736628 -0.1623359880129691
-0.6547119940597826 0.645098341219941 0.3939547372345507
-0.6227239823052653 0.5094307068090437 -0.5938814669796574
-0.5470270608641017 -0.7820428265471782 -0.2986141525924091
-0.3907346210746761 0.5795300649555419 -0.7151722587644564
0.6269719136998472 0.3499205549633903 -0.6960329192255669
0.5781189115096571 -0.04157164283983589 0.8148928289453078
-0.3299955052877177 -0.8184314799382633 -0.4703965126741144
-0.3107657060073178 -0.7650934673161558 0.5639651250209679
-0.8082203482445228 0.3736947521078701 0.4551176781125292
0.5601301248461352 0.7022201543747008 -0.4394782110979162
0.04453962431203588 0.3253514431895445 0.9445436253983315
0.1996469551682079 -0.8678188033122972 -0.4550072723700976
-0.8584414384924293 0.06456149877672615 0.5088321035024733
0.5483207258223795 -0.07569661234768026 -0.8328351604685673
0.5133163831066626 -0.724336355858293 0.460264200667641
0.3716115896659992 0.878304208785788 -0.3008098124315101
-0.2341672273667887 0.3918179605254054 -0.8897440055639951
-0.2734018007924702 -0.9598301740564267 0.06306736314643549
0.7241328460835955 0.491152612859001 -0.4841494935499243
-0.8969307703149485 -0.3688308636208137 -0.2438831427199471
0.4772340849855245 0.1968359880149997 -0.8564480264150232
0.1778607540796972 0.6288658771681138 -0.7568971268883112
0.2907970372697779 0.4067821414996076 0.8660054113411259
-0.6564913852217343 0.7424835274811554 0.133181352106024
-0.7126358742791137 -0.08156322592967144 0.6967765429937984
0.491002830331658 0.8694362777929447 0.05474284851787177
-0.9086772871546391 0.09285021986022361 -0.4070435166922497
-0.8012798044144057 0.5968720086959657 -0.04116406531010514
0.08706146791465851 -0.1737813424014135 0.98092830820489
-0.7516448593894892 -0.5883973226330247 -0.2980244890468624
0.1218879042634402 -0.6207423003072935 0.7744819787467468
0.09167004915554458 0.7943940962105644 0.6004453530452381
0.4510716038109102 -0.8423988689098577 -0.2947856066615971
0.3489464086878529 -0.1183822533081869 0.9296354371287308
-0.1473939387805671 0.501960252463905 0.8522387762576421
-0.7149220245334096 -0.6969383410445577 -0.05624453412653371
0.9968222889456838 -0.03966336559241371 -0.06908068971116557
-0.09520789497233009 -0.5942291111183068 -0.798640858104871
-0.6964877537641122 0.2541679367978826 -0.6710465473873845
-0.2427049404839756 0.2696397594154774 0.9318737639868575
-0.2844536000122181 -0.9311380779666467 -0.228184200155638
0.6799225920747894 0.2234961282827523 0.6983944082171042
0.9732986230953266 0.1070894653586533 0.2030311224663336
-0.527466944137208 -0.4440616093935574 -0.7242844123031775
0.3356323574138546 0.4233558600599708 -0.8414991006588785
-0.4844170237078536 0.3337378982140187 -0.8086774155605646
-0.8730815313508976 -0.4875584301550892 -0.003926423140322757
0.9352173545387047 -0.2053463355836084 -0.288446498040817
0.1549140453482515 -0.7217089087254824 -0.6746390810056242
-0.7098090666965443 0.2270383216374781 0.666801836637706
-0.7655958287016893 -0.6005396860981701 0.2306840100563648
-0.4291058535695149 0.7263643629692529 0.5369012745753632
0.5872771806094783 0.7894947578195992 -0.178335471824185
0.7266520339952365 -0.5957557950152919 0.342128417697629
